*Vertices      293
     1 "1"    0.6650    0.2083
     2 "2"    0.5189    0.4908
     3 "3"    0.6528    0.5643
     4 "4"    0.7912    0.1548
     5 "5"    0.8389    0.1500
     6 "6"    0.2892    0.6863
     7 "7"    0.1599    0.3368
     8 "8"    0.5382    0.3403
     9 "9"    0.4119    0.1505
     10 "10"    0.7855    0.3888
     11 "11"    0.6777    0.4926
     12 "12"    0.5133    0.2670
     13 "13"    0.3363    0.7138
     14 "14"    0.8236    0.4076
     15 "15"    0.5891    0.3963
     16 "16"    0.3386    0.8461
     17 "17"    0.2308    0.4697
     18 "18"    0.4021    0.6641
     19 "19"    0.5413    0.7605
     20 "20"    0.8215    0.7106
     21 "21"    0.6247    0.3533
     22 "22"    0.5863    0.3107
     23 "23"    0.5296    0.3181
     24 "24"    0.6102    0.5578
     25 "25"    0.1515    0.8233
     26 "26"    0.8004    0.3447
     27 "27"    0.3624    0.2416
     28 "28"    0.7979    0.1826
     29 "29"    0.3392    0.5264
     30 "30"    0.5554    0.3131
     31 "31"    0.6976    0.2021
     32 "32"    0.6124    0.8072
     33 "33"    0.4328    0.6067
     34 "34"    0.6934    0.3139
     35 "35"    0.4334    0.7758
     36 "36"    0.3514    0.8004
     37 "37"    0.5165    0.6561
     38 "38"    0.6364    0.5898
     39 "39"    0.2920    0.2908
     40 "40"    0.3217    0.1966
     41 "41"    0.2881    0.3101
     42 "42"    0.7731    0.8156
     43 "43"    0.6493    0.8225
     44 "44"    0.7006    0.7043
     45 "45"    0.5120    0.1880
     46 "46"    0.8483    0.4796
     47 "47"    0.6394    0.2258
     48 "48"    0.2119    0.5079
     49 "49"    0.8282    0.7749
     50 "50"    0.6814    0.3599
     51 "51"    0.6396    0.3189
     52 "52"    0.6416    0.6670
     53 "53"    0.2388    0.6478
     54 "54"    0.4007    0.1918
     55 "55"    0.4079    0.4040
     56 "56"    0.3323    0.7059
     57 "57"    0.2744    0.3480
     58 "58"    0.1952    0.2316
     59 "59"    0.6026    0.6363
     60 "60"    0.5435    0.1981
     61 "61"    0.2993    0.6945
     62 "62"    0.2856    0.4125
     63 "63"    0.6564    0.5342
     64 "64"    0.7903    0.7463
     65 "65"    0.4140    0.4410
     66 "66"    0.4124    0.5948
     67 "67"    0.7346    0.3347
     68 "68"    0.7243    0.6516
     69 "69"    0.7125    0.2792
     70 "70"    0.2465    0.5098
     71 "71"    0.7514    0.2924
     72 "72"    0.8296    0.4818
     73 "73"    0.4084    0.5839
     74 "74"    0.7215    0.7985
     75 "75"    0.6590    0.7212
     76 "77"    0.5279    0.6301
     77 "78"    0.3421    0.6012
     78 "79"    0.6674    0.2411
     79 "80"    0.6060    0.6799
     80 "81"    0.7182    0.6682
     81 "82"    0.4379    0.4829
     82 "83"    0.6902    0.3845
     83 "84"    0.2605    0.2036
     84 "85"    0.2133    0.4934
     85 "86"    0.5423    0.5625
     86 "87"    0.2448    0.7593
     87 "88"    0.8122    0.4770
     88 "89"    0.8265    0.4701
     89 "90"    0.4283    0.6759
     90 "91"    0.5482    0.7933
     91 "92"    0.5196    0.5503
     92 "93"    0.7343    0.5634
     93 "94"    0.3704    0.2255
     94 "95"    0.6868    0.7181
     95 "96"    0.6642    0.4017
     96 "97"    0.7048    0.5681
     97 "98"    0.1825    0.3890
     98 "99"    0.2655    0.7692
     99 "100"    0.8339    0.5425
     100 "101"    0.7098    0.7307
     101 "102"    0.2322    0.7697
     102 "103"    0.1699    0.7795
     103 "104"    0.3985    0.2643
     104 "105"    0.2691    0.6645
     105 "106"    0.2150    0.2929
     106 "107"    0.7372    0.1674
     107 "108"    0.5552    0.8335
     108 "109"    0.4198    0.7604
     109 "110"    0.6081    0.2456
     110 "112"    0.8484    0.4190
     111 "113"    0.6226    0.3245
     112 "114"    0.2843    0.4892
     113 "115"    0.4783    0.3589
     114 "116"    0.7544    0.2612
     115 "117"    0.5258    0.4031
     116 "118"    0.1809    0.5993
     117 "119"    0.7799    0.5343
     118 "120"    0.2028    0.3330
     119 "121"    0.3393    0.5473
     120 "122"    0.7391    0.8071
     121 "123"    0.4946    0.5152
     122 "124"    0.2971    0.5464
     123 "125"    0.4009    0.7158
     124 "126"    0.8288    0.6815
     125 "127"    0.3678    0.3005
     126 "128"    0.6577    0.6438
     127 "129"    0.5913    0.5591
     128 "130"    0.6269    0.2227
     129 "131"    0.1905    0.6032
     130 "132"    0.3149    0.4480
     131 "133"    0.1845    0.7746
     132 "134"    0.6887    0.8346
     133 "135"    0.1645    0.5511
     134 "136"    0.2276    0.5063
     135 "137"    0.3771    0.3043
     136 "138"    0.5359    0.3884
     137 "139"    0.7309    0.3335
     138 "140"    0.3995    0.3277
     139 "141"    0.3618    0.5789
     140 "142"    0.2741    0.5858
     141 "143"    0.1591    0.3899
     142 "144"    0.7291    0.5149
     143 "145"    0.2960    0.7018
     144 "146"    0.3228    0.7089
     145 "147"    0.4353    0.6430
     146 "148"    0.6730    0.3889
     147 "149"    0.6253    0.3805
     148 "150"    0.6617    0.1689
     149 "151"    0.3718    0.4752
     150 "152"    0.5349    0.2087
     151 "153"    0.5723    0.8003
     152 "154"    0.2972    0.7480
     153 "155"    0.5303    0.8500
     154 "156"    0.1630    0.2834
     155 "157"    0.7097    0.6400
     156 "158"    0.4613    0.8308
     157 "159"    0.2827    0.1746
     158 "160"    0.6779    0.4788
     159 "161"    0.4836    0.5351
     160 "162"    0.3006    0.5354
     161 "163"    0.3633    0.7109
     162 "164"    0.7989    0.8178
     163 "165"    0.5229    0.5818
     164 "166"    0.5150    0.2349
     165 "167"    0.3689    0.3230
     166 "168"    0.4161    0.3735
     167 "169"    0.6013    0.6852
     168 "170"    0.1886    0.1726
     169 "171"    0.3444    0.3768
     170 "172"    0.1662    0.7588
     171 "173"    0.2785    0.2520
     172 "174"    0.1643    0.4720
     173 "175"    0.8308    0.3768
     174 "176"    0.5257    0.2052
     175 "177"    0.8140    0.7278
     176 "178"    0.3143    0.8396
     177 "179"    0.6733    0.3498
     178 "180"    0.4206    0.6410
     179 "181"    0.6268    0.4743
     180 "182"    0.5434    0.6623
     181 "183"    0.3191    0.4719
     182 "184"    0.2715    0.4569
     183 "185"    0.4591    0.1956
     184 "186"    0.6062    0.1989
     185 "187"    0.7678    0.7385
     186 "188"    0.3400    0.2718
     187 "189"    0.6795    0.7049
     188 "190"    0.8470    0.7642
     189 "191"    0.2818    0.6789
     190 "192"    0.7001    0.6876
     191 "193"    0.5628    0.7340
     192 "194"    0.3484    0.4059
     193 "195"    0.8015    0.5144
     194 "196"    0.7259    0.4390
     195 "197"    0.2484    0.3902
     196 "198"    0.2181    0.4794
     197 "199"    0.1776    0.2597
     198 "200"    0.2049    0.5390
     199 "201"    0.4586    0.4544
     200 "202"    0.7715    0.7113
     201 "203"    0.4298    0.2690
     202 "204"    0.6704    0.4151
     203 "205"    0.6806    0.3229
     204 "206"    0.3393    0.2597
     205 "207"    0.4185    0.4244
     206 "208"    0.6299    0.7422
     207 "209"    0.7294    0.1939
     208 "210"    0.6178    0.5687
     209 "211"    0.3271    0.7697
     210 "212"    0.8500    0.3656
     211 "213"    0.7740    0.4977
     212 "214"    0.2948    0.2132
     213 "215"    0.3933    0.7863
     214 "216"    0.7265    0.6229
     215 "217"    0.5289    0.6696
     216 "218"    0.8392    0.6420
     217 "219"    0.2104    0.8148
     218 "220"    0.4955    0.2538
     219 "221"    0.4222    0.7678
     220 "222"    0.5662    0.4102
     221 "223"    0.7074    0.7184
     222 "224"    0.1500    0.5089
     223 "225"    0.5236    0.3343
     224 "226"    0.1629    0.3096
     225 "227"    0.3767    0.6915
     226 "228"    0.6854    0.8482
     227 "229"    0.7464    0.8009
     228 "230"    0.7057    0.4895
     229 "231"    0.5040    0.7109
     230 "232"    0.6447    0.6355
     231 "233"    0.2144    0.2350
     232 "234"    0.4919    0.7727
     233 "235"    0.4294    0.7316
     234 "236"    0.6134    0.5270
     235 "237"    0.7140    0.7360
     236 "238"    0.5213    0.6650
     237 "239"    0.4063    0.2258
     238 "240"    0.2041    0.7518
     239 "241"    0.1761    0.4672
     240 "242"    0.3624    0.4593
     241 "243"    0.8149    0.5671
     242 "244"    0.1794    0.4868
     243 "245"    0.7834    0.4392
     244 "246"    0.5600    0.6318
     245 "247"    0.5415    0.4548
     246 "248"    0.5793    0.4269
     247 "249"    0.7836    0.8317
     248 "250"    0.3452    0.2327
     249 "251"    0.8470    0.4872
     250 "252"    0.4722    0.8469
     251 "253"    0.2252    0.1604
     252 "254"    0.4829    0.5721
     253 "255"    0.6724    0.7739
     254 "256"    0.7368    0.7573
     255 "257"    0.2362    0.7908
     256 "258"    0.7178    0.1964
     257 "259"    0.2435    0.6944
     258 "260"    0.7397    0.2558
     259 "262"    0.7672    0.4891
     260 "265"    0.2510    0.7624
     261 "266"    0.3291    0.8004
     262 "267"    0.1511    0.4710
     263 "268"    0.3100    0.8250
     264 "269"    0.5428    0.7008
     265 "270"    0.6634    0.5602
     266 "271"    0.2772    0.3989
     267 "272"    0.4025    0.2103
     268 "273"    0.6082    0.4781
     269 "274"    0.3462    0.3492
     270 "275"    0.6938    0.4359
     271 "276"    0.1662    0.2886
     272 "277"    0.2584    0.5487
     273 "278"    0.2176    0.6823
     274 "279"    0.3156    0.7030
     275 "280"    0.5473    0.4622
     276 "281"    0.7539    0.4018
     277 "282"    0.1840    0.7900
     278 "283"    0.7924    0.4647
     279 "284"    0.6985    0.1670
     280 "285"    0.7564    0.8032
     281 "286"    0.6268    0.7399
     282 "287"    0.2887    0.7429
     283 "288"    0.5518    0.4906
     284 "289"    0.2312    0.8282
     285 "290"    0.1678    0.8010
     286 "291"    0.8322    0.3215
     287 "292"    0.4493    0.2315
     288 "293"    0.3520    0.1915
     289 "294"    0.3272    0.1504
     290 "295"    0.4244    0.5486
     291 "296"    0.6425    0.4063
     292 "297"    0.8154    0.5697
     293 "298"    0.2149    0.5275
*Arcs
      1      2    1.0000
      1     10    1.0000
      2      1    1.0000
      2     10    1.0000
      3      7    1.0000
      4      7    1.0000
      4    209    1.0000
      5    132    1.0000
      6    150    1.0000
      7      3    1.0000
      7      4    1.0000
      7      9    1.0000
      8    106    1.0000
      8    115    1.0000
      9      1    1.0000
      9      2    1.0000
      9      7    1.0000
     10      1    1.0000
     10      2    1.0000
     11    133    1.0000
     11    218    1.0000
     12     88    1.0000
     13    214    1.0000
     14     24    1.0000
     14     52    1.0000
     16     10    1.0000
     16     19    1.0000
     17     64    1.0000
     17     78    1.0000
     18     55    1.0000
     18    103    1.0000
     18    163    1.0000
     19     18    1.0000
     20     64    1.0000
     20    180    1.0000
     21     16    1.0000
     21     22    1.0000
     22     21    1.0000
     22     64    1.0000
     22    106    1.0000
     23     20    1.0000
     23     22    1.0000
     23     64    1.0000
     24     14    1.0000
     24     31    1.0000
     24    122    1.0000
     27    115    1.0000
     28     29    1.0000
     29     28    1.0000
     30     19    1.0000
     31     24    1.0000
     31     32    1.0000
     31    122    1.0000
     31    147    1.0000
     31    233    1.0000
     32     31    1.0000
     32     86    1.0000
     34     35    1.0000
     34     37    1.0000
     35     34    1.0000
     35     43    1.0000
     36    132    1.0000
     36    187    1.0000
     37     38    1.0000
     37     90    1.0000
     37    282    1.0000
     38     42    1.0000
     38     43    1.0000
     38    210    1.0000
     40     20    1.0000
     42     15    1.0000
     42     38    1.0000
     43     34    1.0000
     43     35    1.0000
     43     38    1.0000
     45    107    1.0000
     46     61    1.0000
     46     72    1.0000
     48     23    1.0000
     49     30    1.0000
     49     64    1.0000
     49    108    1.0000
     49    115    1.0000
     49    243    1.0000
     50     30    1.0000
     50     47    1.0000
     50     55    1.0000
     50    125    1.0000
     50    163    1.0000
     52    218    1.0000
     52    224    1.0000
     54    111    1.0000
     54    210    1.0000
     55     65    1.0000
     55     67    1.0000
     55    105    1.0000
     55    108    1.0000
     55    222    1.0000
     56     18    1.0000
     56     64    1.0000
     57     65    1.0000
     57    125    1.0000
     58     20    1.0000
     58     30    1.0000
     58     50    1.0000
     58    103    1.0000
     58    180    1.0000
     59    164    1.0000
     63    125    1.0000
     64      8    1.0000
     64     50    1.0000
     64     70    1.0000
     64    256    1.0000
     66     20    1.0000
     66     84    1.0000
     66    106    1.0000
     66    125    1.0000
     67     22    1.0000
     67     50    1.0000
     67    113    1.0000
     68     50    1.0000
     70     50    1.0000
     70     64    1.0000
     71     72    1.0000
     74     29    1.0000
     74     75    1.0000
     74    215    1.0000
     75     74    1.0000
     75    215    1.0000
     76     58    1.0000
     76    104    1.0000
     77    103    1.0000
     78     64    1.0000
     78     68    1.0000
     80    207    1.0000
     80    210    1.0000
     82      8    1.0000
     82     77    1.0000
     82     83    1.0000
     82     97    1.0000
     82    163    1.0000
     83     82    1.0000
     83    226    1.0000
     83    243    1.0000
     84     29    1.0000
     84    154    1.0000
     87    101    1.0000
     87    189    1.0000
     89     90    1.0000
     90     89    1.0000
     90     94    1.0000
     91     86    1.0000
     92     19    1.0000
     92     30    1.0000
     92    106    1.0000
     94     72    1.0000
     94     89    1.0000
     94     90    1.0000
     95     30    1.0000
     96     75    1.0000
     96    256    1.0000
     97     80    1.0000
     97    128    1.0000
     98     86    1.0000
    100     86    1.0000
    101     87    1.0000
    103     77    1.0000
    103    104    1.0000
    104     58    1.0000
    104     77    1.0000
    104    103    1.0000
    106     22    1.0000
    107     38    1.0000
    107    114    1.0000
    107    122    1.0000
    108     49    1.0000
    108     55    1.0000
    111    121    1.0000
    111    128    1.0000
    111    210    1.0000
    113    253    1.0000
    114    107    1.0000
    116     30    1.0000
    116    140    1.0000
    118    129    1.0000
    118    138    1.0000
    120     88    1.0000
    121    128    1.0000
    122     31    1.0000
    123     32    1.0000
    124    244    1.0000
    125    132    1.0000
    126    163    1.0000
    126    180    1.0000
    128     38    1.0000
    128    111    1.0000
    129    118    1.0000
    132     29    1.0000
    132     30    1.0000
    133     30    1.0000
    134    135    1.0000
    134    150    1.0000
    135    134    1.0000
    137    144    1.0000
    138    118    1.0000
    138    129    1.0000
    139    142    1.0000
    141    157    1.0000
    141    163    1.0000
    142    139    1.0000
    143      2    1.0000
    144    137    1.0000
    145    151    1.0000
    146    137    1.0000
    146    165    1.0000
    146    169    1.0000
    146    171    1.0000
    147     31    1.0000
    147    128    1.0000
    148    146    1.0000
    148    169    1.0000
    148    171    1.0000
    148    282    1.0000
    149    128    1.0000
    149    148    1.0000
    149    172    1.0000
    150     86    1.0000
    151    145    1.0000
    152      4    1.0000
    153    134    1.0000
    154    155    1.0000
    156    161    1.0000
    157    141    1.0000
    161    156    1.0000
    165    144    1.0000
    165    148    1.0000
    167    149    1.0000
    169     15    1.0000
    169    148    1.0000
    169    171    1.0000
    170    115    1.0000
    170    173    1.0000
    170    183    1.0000
    170    202    1.0000
    171     72    1.0000
    171    148    1.0000
    171    169    1.0000
    173    170    1.0000
    175    100    1.0000
    176     10    1.0000
    178    181    1.0000
    181    178    1.0000
    182     38    1.0000
    182    171    1.0000
    183     96    1.0000
    185     50    1.0000
    186    127    1.0000
    187     50    1.0000
    187     65    1.0000
    188     30    1.0000
    188     50    1.0000
    189     87    1.0000
    189     89    1.0000
    190     35    1.0000
    190     38    1.0000
    190    122    1.0000
    190    182    1.0000
    191     54    1.0000
    191    118    1.0000
    191    129    1.0000
    191    172    1.0000
    192    149    1.0000
    192    167    1.0000
    195     75    1.0000
    197     50    1.0000
    197    188    1.0000
    198    218    1.0000
    198    221    1.0000
    198    222    1.0000
    200     65    1.0000
    200    220    1.0000
    201    113    1.0000
    202    156    1.0000
    203    232    1.0000
    204    194    1.0000
    207     38    1.0000
    207    122    1.0000
    207    124    1.0000
    208     30    1.0000
    208     50    1.0000
    210     38    1.0000
    210    207    1.0000
    211     37    1.0000
    213     35    1.0000
    213     38    1.0000
    214     13    1.0000
    214     14    1.0000
    214    171    1.0000
    214    213    1.0000
    215     75    1.0000
    217     39    1.0000
    218     68    1.0000
    218    222    1.0000
    221    198    1.0000
    222    198    1.0000
    222    218    1.0000
    223     39    1.0000
    225      3    1.0000
    226     22    1.0000
    229     65    1.0000
    230     68    1.0000
    231     43    1.0000
    232     95    1.0000
    232    203    1.0000
    233     99    1.0000
    234     68    1.0000
    234    230    1.0000
    237    244    1.0000
    238    145    1.0000
    242      3    1.0000
    242    113    1.0000
    244    237    1.0000
    249     96    1.0000
    250    156    1.0000
    252     65    1.0000
    254     65    1.0000
    258    113    1.0000
    268      4    1.0000
    270    183    1.0000
    272      6    1.0000
    275     96    1.0000
    280    183    1.0000
    280    206    1.0000
    282     37    1.0000
    285     75    1.0000
    290    285    1.0000
    293    290    1.0000
